>Symbol
YUMC
>Description
Yum China Holdings Inc
>URL
https://ca.finance.yahoo.com/quote/YUMC/key-statistics?p=YUMC
>pandas_datareader | Last Year [<class 'pandas.core.frame.DataFrame'>]
                 High        Low       Open      Close     Volume  Adj Close
Date                                                                        
2019-01-02  34.480000  33.189999  33.230000  34.220001  1265600.0  33.826347
2019-01-03  34.000000  32.840000  34.000000  32.880001  1246500.0  32.501762
2019-01-04  34.000000  33.360001  33.430000  33.810001  1646500.0  33.421066
2019-01-07  34.540001  33.580002  34.099998  34.200001  1820300.0  33.806576
2019-01-08  34.500000  33.299999  34.480000  33.580002  1997500.0  33.193710
2019-01-09  34.654999  33.330002  33.509998  34.580002  2176000.0  34.182209
2019-01-10  34.830002  34.060001  34.490002  34.459999  1570300.0  34.063583
2019-01-11  35.000000  34.099998  34.320000  34.900002  1197400.0  34.498528
2019-01-14  34.709999  33.750000  34.459999  34.090000  1296400.0  33.697842
2019-01-15  35.279999  34.119999  34.119999  34.669998  1559600.0  34.271172
2019-01-16  35.349998  34.509998  34.730000  34.939999  1253200.0  34.538067
2019-01-17  35.740002  34.590000  34.799999  35.430000  2365300.0  35.022430
2019-01-18  36.639999  35.459999  35.750000  36.160000  1852200.0  35.744030
2019-01-22  35.849998  34.560001  35.820000  35.020000  2393800.0  34.617146
2019-01-23  35.119999  33.820000  35.000000  34.240002  1851600.0  33.846119
2019-01-24  35.310001  34.259998  34.259998  35.290001  1848800.0  34.884037
2019-01-25  36.279999  35.070000  35.500000  35.410000  1451400.0  35.002663
2019-01-28  35.970001  34.893002  35.119999  35.610001  2267600.0  35.200363
2019-01-29  36.250000  35.419998  35.700001  35.990002  1765100.0  35.575989
2019-01-30  36.750000  35.279999  36.169998  35.889999  1783500.0  35.477135
2019-01-31  36.549000  35.700001  36.060001  36.450001  2552500.0  36.030693
2019-02-01  40.570000  37.630001  37.650002  39.349998  4764600.0  38.897327
2019-02-04  40.299999  38.930000  39.709999  39.250000  2302800.0  38.798485
2019-02-05  40.610001  38.689999  39.130001  40.520000  2808000.0  40.053875
2019-02-06  41.485001  40.459999  40.500000  41.110001  2516800.0  40.637089
2019-02-07  41.740002  40.790001  41.000000  41.660000  1752100.0  41.180763
2019-02-08  41.500000  40.080002  41.320000  40.450001  3318100.0  39.984684
2019-02-11  41.400002  40.389999  40.389999  41.130001  2709500.0  40.656860
2019-02-12  41.599998  41.020000  41.020000  41.320000  2722100.0  40.844669
2019-02-13  41.639999  41.014999  41.430000  41.290001  2460400.0  40.815014
2019-02-14  41.349998  40.470001  41.040001  40.970001  3184400.0  40.498703
2019-02-15  41.070000  40.485001  41.000000  40.689999  3217800.0  40.221916
2019-02-19  41.439999  40.540001  40.790001  41.189999  2160700.0  40.716167
2019-02-20  42.240002  41.240002  41.240002  41.880001  3659500.0  41.398232
2019-02-21  41.900002  41.389999  41.619999  41.740002  1935300.0  41.259846
2019-02-22  42.070000  41.369999  41.790001  41.520000  2681000.0  41.042370
2019-02-25  42.044998  41.099998  41.730000  41.650002  1720600.0  41.170879
2019-02-26  42.240002  41.570000  41.689999  42.060001  2311200.0  41.576157
2019-02-27  42.189999  41.470001  41.950001  41.540001  2353400.0  41.179634
2019-02-28  41.900002  41.009998  41.080002  41.720001  3078500.0  41.358070
2019-03-01  42.080002  41.389999  42.080002  41.400002  1546400.0  41.040844
2019-03-04  41.799999  40.584999  41.750000  40.930000  1924200.0  40.574921
2019-03-05  42.000000  40.720001  41.000000  41.599998  2962900.0  41.239109
2019-03-06  42.529999  41.439999  41.740002  41.630001  3186100.0  41.268852
2019-03-07  41.590000  40.759998  41.500000  40.880001  1958400.0  40.525356
2019-03-08  40.799999  39.970001  40.759998  40.299999  2093200.0  39.950386
2019-03-11  41.040001  40.279999  40.320000  40.759998  2105100.0  40.406395
2019-03-12  41.840000  41.000000  41.020000  41.139999  2358700.0  40.783100
2019-03-13  41.279999  40.590000  40.590000  41.000000  3280400.0  40.644314
2019-03-14  41.259998  40.759998  41.150002  41.139999  3834400.0  40.783100
2019-03-15  42.799999  41.320000  41.439999  42.700001  7581100.0  42.329567
2019-03-18  43.950001  42.060001  43.090000  43.500000  6545300.0  43.122627
2019-03-19  44.061001  43.450001  43.680000  43.500000  2911100.0  43.122627
2019-03-20  43.570000  42.549999  43.259998  43.189999  2187300.0  42.815315
2019-03-21  43.764999  42.919998  43.169998  43.230000  1492400.0  42.854969
2019-03-22  43.650002  42.840000  42.900002  43.439999  3786700.0  43.063145
2019-03-25  43.430000  42.830002  43.279999  43.310001  1918600.0  42.934277
2019-03-26  43.830002  43.029999  43.299999  43.340000  1956000.0  42.964012
2019-03-27  44.419998  43.340000  43.450001  44.180000  2504400.0  43.796726
2019-03-28  44.430000  43.080002  44.209999  43.750000  2477200.0  43.370457
2019-03-29  44.939999  43.955002  44.000000  44.910000  2577000.0  44.520397
2019-04-01  45.880001  44.810001  45.070000  45.599998  2930300.0  45.204407
2019-04-02  45.619999  45.230000  45.599998  45.419998  1594100.0  45.025970
2019-04-03  46.189999  45.049999  45.689999  45.320000  2255900.0  44.926838
2019-04-04  45.389999  44.299999  45.389999  44.529999  2080100.0  44.143692
2019-04-05  44.910000  44.389999  44.730000  44.660000  1802500.0  44.272560
2019-04-08  44.500000  44.110001  44.500000  44.150002  1600400.0  43.766991
2019-04-09  44.230000  43.525002  43.919998  43.680000  2067400.0  43.301064
2019-04-10  44.009998  42.529999  43.840000  43.599998  2991300.0  43.221760
2019-04-11  44.130001  43.395000  44.020000  43.680000  4872500.0  43.301064
2019-04-12  44.889999  43.990002  44.009998  44.500000  3137600.0  44.113953
2019-04-15  44.400002  43.740002  44.340000  43.750000  1804400.0  43.370457
2019-04-16  44.380001  43.720001  43.880001  44.259998  1903300.0  43.876034
2019-04-17  45.619999  44.110001  45.480000  44.340000  1680100.0  43.955341
2019-04-18  45.369999  44.400002  44.610001  45.240002  1684700.0  44.847534
2019-04-22  45.160000  44.193001  45.070000  44.410000  1193100.0  44.024734
2019-04-23  44.520000  44.000000  44.310001  44.320000  2763000.0  43.935516
2019-04-24  44.674999  43.900002  44.259998  44.020000  2707300.0  43.638115
2019-04-25  44.799999  43.900002  44.369999  44.680000  1562200.0  44.292389
2019-04-26  45.160000  44.529999  44.660000  45.029999  1820100.0  44.639351
2019-04-29  45.110001  44.360001  45.000000  44.750000  3414400.0  44.361786
2019-04-30  47.919998  45.099998  45.660000  47.540001  9720500.0  47.127579
2019-05-01  47.849998  45.259998  47.470001  45.509998  4321100.0  45.115189
2019-05-02  48.259998  45.459999  45.520000  47.139999  3618900.0  46.731049
2019-05-03  48.270000  47.189999  47.299999  47.360001  2298300.0  46.949142
2019-05-06  46.610001  45.660000  45.660000  46.500000  2077100.0  46.096600
2019-05-07  46.669998  45.939999  46.169998  46.209999  2307700.0  45.809120
2019-05-08  46.415001  45.625000  46.209999  45.959999  2095200.0  45.561283
2019-05-09  45.590000  44.439999  45.590000  44.709999  2842200.0  44.322128
2019-05-10  45.000000  44.310001  44.570000  44.849998  4094800.0  44.460915
2019-05-13  44.000000  42.349998  43.980000  42.650002  4200400.0  42.280003
2019-05-14  42.855000  42.025002  42.790001  42.500000  3018500.0  42.131306
2019-05-15  42.720001  42.369999  42.509998  42.389999  3048900.0  42.022255
2019-05-16  43.400002  42.430000  42.439999  42.700001  2692200.0  42.329567
2019-05-17  41.610001  40.939999  41.570000  41.430000  3583100.0  41.070583
2019-05-20  41.525002  40.560001  41.130001  40.689999  2693400.0  40.337006
2019-05-21  41.279999  40.529999  40.950001  41.279999  2658200.0  40.921886
2019-05-22  41.380001  39.869999  41.020000  39.990002  3314700.0  39.643078
2019-05-23  40.049999  39.189999  39.480000  39.430000  3315400.0  39.087936
2019-05-24  39.860001  38.380001  39.860001  38.490002  3426400.0  38.272568
2019-05-28  39.509998  38.560001  38.599998  38.700001  6577500.0  38.481384
2019-05-29  39.029999  38.470001  38.500000  38.770000  4051700.0  38.550987
2019-05-30  39.360001  38.830002  38.930000  39.299999  2982800.0  39.077991
2019-05-31  40.424999  39.049999  39.099998  40.009998  3458500.0  39.783978
2019-06-03  40.840000  39.685001  39.930000  40.750000  3464100.0  40.519798
2019-06-04  41.240002  40.310001  41.009998  40.709999  2539800.0  40.480026
2019-06-05  41.520000  41.009998  41.020000  41.349998  2759700.0  41.116409
2019-06-06  41.470001  40.130001  41.250000  40.290001  3577800.0  40.062401
2019-06-07  41.070000  40.250000  40.509998  40.869999  4368200.0  40.639122
2019-06-10  42.200001  41.110001  41.180000  41.380001  3568900.0  41.146244
2019-06-11  42.770000  41.080002  42.000000  41.180000  2958800.0  40.947369
2019-06-12  41.619999  40.639999  41.099998  41.189999  2342500.0  40.957314
2019-06-13  41.910000  41.025002  41.349998  41.160000  2129900.0  40.927483
2019-06-14  41.580002  41.000000  41.029999  41.160000  1245500.0  40.927483
2019-06-17  41.240002  40.779999  41.080002  40.970001  1099900.0  40.738560
2019-06-18  42.669998  41.220001  41.250000  42.560001  2398500.0  42.319576
2019-06-19  44.869999  42.779999  42.779999  44.849998  5905200.0  44.596638
2019-06-20  46.340000  45.139999  45.139999  46.230000  3673700.0  45.968842
2019-06-21  46.599998  45.849998  46.270000  46.070000  3727800.0  45.809746
2019-06-24  46.250000  45.680000  46.250000  45.939999  1731700.0  45.680481
2019-06-25  46.099998  45.599998  45.790001  45.980000  2036200.0  45.720253
2019-06-26  46.580002  45.849998  46.299999  46.330002  2379400.0  46.068279
2019-06-27  46.410000  45.529999  46.240002  46.080002  2877700.0  45.819695
2019-06-28  46.320000  45.740002  46.119999  46.200001  7216900.0  45.939011
2019-07-01  47.820000  45.770000  47.029999  46.080002  3097200.0  45.819695
2019-07-02  46.205002  43.900002  46.090000  44.480000  3058200.0  44.228729
2019-07-03  44.630001  43.709999  44.540001  44.450001  1672600.0  44.198902
2019-07-05  44.840000  44.025002  44.419998  44.389999  1637700.0  44.139236
2019-07-08  44.410000  43.009998  44.250000  43.119999  2381100.0  42.876411
2019-07-09  43.560001  42.869999  43.209999  43.299999  2680900.0  43.055393
2019-07-10  44.439999  43.560001  43.580002  44.200001  2842300.0  43.950314
2019-07-11  44.650002  44.119999  44.299999  44.430000  1771800.0  44.179008
2019-07-12  44.549999  43.384998  44.400002  43.700001  2206300.0  43.453136
2019-07-15  44.730000  43.930000  43.950001  44.180000  1785300.0  43.930424
2019-07-16  44.715000  44.000000  44.000000  44.400002  1337700.0  44.149185
2019-07-17  44.880001  44.139999  44.400002  44.360001  1644700.0  44.109406
2019-07-18  44.792000  44.250000  44.450001  44.419998  1915400.0  44.169067
2019-07-19  44.950001  44.340000  44.759998  44.340000  1612500.0  44.089520
2019-07-22  44.610001  43.275002  44.570000  43.509998  1846700.0  43.264206
2019-07-23  43.716000  43.180000  43.529999  43.630001  1042800.0  43.383533
2019-07-24  44.430000  43.459999  43.669998  44.400002  1747100.0  44.149185
2019-07-25  44.970001  44.200001  44.520000  44.830002  2467300.0  44.576756
2019-07-26  45.555000  45.119999  45.160000  45.310001  1765100.0  45.054043
2019-07-29  45.500000  44.860001  45.130001  45.430000  1975300.0  45.173363
2019-07-30  45.299999  43.549999  44.959999  44.000000  3350100.0  43.751438
2019-07-31  46.590000  44.529999  45.299999  45.500000  4690300.0  45.242966
2019-08-01  46.459999  44.450001  45.840000  44.700001  2483900.0  44.447491
2019-08-02  45.500000  44.259998  44.619999  45.169998  1877300.0  44.914829
2019-08-05  43.529999  42.290001  43.529999  42.820000  3439700.0  42.578106
2019-08-06  44.810001  43.285000  43.470001  44.660000  3046100.0  44.407711
2019-08-07  44.230000  43.349998  44.029999  44.040001  2031400.0  43.791218
2019-08-08  45.049999  43.900002  44.290001  44.849998  2505300.0  44.596638
2019-08-09  44.910000  43.430000  44.709999  43.820000  1877500.0  43.572456
2019-08-12  43.720001  42.730000  43.619999  43.020000  1490000.0  42.776974
2019-08-13  44.070000  42.560001  43.169998  43.070000  2347000.0  42.826694
2019-08-14  42.689999  41.580002  42.240002  41.820000  1982900.0  41.583755
2019-08-15  43.029999  42.130001  42.209999  42.599998  1862400.0  42.359348
2019-08-16  44.250000  42.849998  42.860001  44.110001  2125100.0  43.860817
2019-08-19  45.669998  44.750000  44.750000  45.430000  2492000.0  45.173363
2019-08-20  45.790001  45.119999  45.189999  45.669998  1817200.0  45.412006
2019-08-21  46.389999  45.080002  46.000000  45.220001  1425500.0  44.964550
2019-08-22  45.700001  44.040001  45.160000  44.110001  2298400.0  43.860817
2019-08-23  44.099998  42.410000  44.099998  42.570000  2387600.0  42.329517
2019-08-26  43.240002  42.200001  42.939999  42.320000  1146000.0  42.199886
2019-08-27  43.320000  42.529999  42.790001  43.180000  2617400.0  43.057446
2019-08-28  44.195000  42.830002  43.060001  44.180000  1672000.0  44.054607
2019-08-29  45.500000  44.459999  44.639999  45.330002  1461500.0  45.201347
2019-08-30  46.080002  45.020000  45.470001  45.430000  1373200.0  45.301060
2019-09-03  45.180000  43.165001  44.869999  43.639999  1733700.0  43.516140
2019-09-04  44.419998  43.820000  44.029999  44.320000  1427700.0  44.194210
2019-09-05  46.169998  44.849998  45.099998  46.110001  1598000.0  45.979130
2019-09-06  46.430000  45.740002  46.200001  45.799999  1226200.0  45.670010
2019-09-09  46.110001  45.240002  45.750000  45.669998  1210900.0  45.540379
2019-09-10  46.009998  44.869999  45.599998  45.950001  2252000.0  45.819584
2019-09-11  46.360001  44.930000  45.650002  46.340000  1523100.0  46.208477
2019-09-12  48.290001  46.619999  46.619999  47.910000  1734900.0  47.774021
2019-09-13  48.360001  46.450001  47.759998  46.599998  1311300.0  46.467739
2019-09-16  46.775002  45.990002  46.369999  46.529999   790900.0  46.397938
2019-09-17  46.889999  46.130001  46.639999  46.500000   785300.0  46.368023
2019-09-18  46.720001  45.380001  46.720001  45.669998  1123300.0  45.540379
2019-09-19  46.009998  45.340000  45.680000  45.740002  1015100.0  45.610184
2019-09-20  46.200001  44.529999  45.759998  44.660000  1598100.0  44.533245
2019-09-23  45.910000  44.541000  44.720001  45.580002  1523800.0  45.450638
2019-09-24  46.060001  44.220001  45.889999  45.020000  1507400.0  44.892223
2019-09-25  45.480000  44.349998  45.060001  45.400002  1254700.0  45.271149
2019-09-26  46.110001  45.410000  45.490002  45.779999  1310000.0  45.650066
2019-09-27  46.330002  43.939999  45.849998  44.950001  2561000.0  44.822422
2019-09-30  45.669998  44.959999  45.090000  45.430000  1629100.0  45.301060
2019-10-01  45.860001  43.900002  45.410000  44.169998  1233400.0  44.044636
2019-10-02  44.060001  43.150002  43.900002  43.349998  1281800.0  43.226963
2019-10-03  44.020000  43.250000  43.290001  43.939999  1280300.0  43.815289
2019-10-04  44.389999  43.630001  43.950001  43.820000  1053100.0  43.695629
2019-10-07  43.860001  43.160000  43.660000  43.590000  1263900.0  43.466282
2019-10-08  43.610001  42.485001  43.380001  42.509998  1179500.0  42.389347
2019-10-09  43.125000  42.390999  42.919998  42.750000  1362500.0  42.628666
2019-10-10  43.599998  42.250000  42.639999  43.009998  1523900.0  42.887928
2019-10-11  45.000000  43.610001  43.910000  44.490002  1149500.0  44.363731
2019-10-14  44.330002  43.090000  44.230000  43.200001  1295800.0  43.077393
2019-10-15  44.980000  43.200001  43.349998  44.299999  1779500.0  44.174267
2019-10-16  44.549999  43.759998  44.150002  43.830002  1668500.0  43.705605
2019-10-17  44.630001  43.919998  43.990002  44.070000   880800.0  43.944920
2019-10-18  44.369999  43.480000  44.020000  43.820000   751000.0  43.695629
2019-10-21  44.470001  43.830002  44.099998  44.029999  1078600.0  43.905033
2019-10-22  44.180000  43.299999  44.080002  43.389999   953100.0  43.266850
2019-10-23  43.375000  42.650002  43.180000  42.759998  1646200.0  42.638638
2019-10-24  43.730000  42.715000  43.009998  43.139999  1369900.0  43.017559
2019-10-25  44.115002  42.880001  43.049999  43.570000  1327400.0  43.446339
2019-10-28  44.900002  43.369999  44.450001  43.509998  1841200.0  43.386509
2019-10-29  44.380001  43.200001  43.389999  44.209999  2300500.0  44.084522
2019-10-30  44.790001  42.610001  43.009998  44.020000  4404800.0  43.895061
2019-10-31  43.750000  41.400002  43.639999  42.500000  3461200.0  42.379375
2019-11-01  42.919998  41.230000  42.820000  41.439999  3773000.0  41.322384
2019-11-04  42.360001  41.799999  41.939999  42.060001  3186200.0  41.940628
2019-11-05  42.820000  41.810001  42.250000  42.740002  3005900.0  42.618698
2019-11-06  43.000000  42.009998  42.820000  42.639999  2839400.0  42.518978
2019-11-07  43.770000  42.980000  43.119999  43.520000  3306300.0  43.396481
2019-11-08  43.900002  43.220001  43.709999  43.849998  2482800.0  43.725544
2019-11-11  43.700001  43.029999  43.380001  43.630001  1243100.0  43.506172
2019-11-12  43.849998  42.669998  43.630001  42.810001  2609700.0  42.688499
2019-11-13  42.730000  42.408001  42.500000  42.660000  1322300.0  42.538921
2019-11-14  42.680000  41.970001  42.500000  42.439999  2964300.0  42.319546
2019-11-15  43.480000  42.480000  42.650002  42.790001  1747400.0  42.668556
2019-11-18  42.990002  42.299999  42.910000  42.700001  1571200.0  42.578812
2019-11-19  43.330002  42.500000  42.810001  43.270000  1868800.0  43.147190
2019-11-20  43.044998  41.860001  43.009998  42.450001  2033900.0  42.329521
2019-11-21  42.435001  41.759998  42.270000  42.139999  1241500.0  42.020397
2019-11-22  42.750000  42.130001  42.750000  42.279999  1739900.0  42.160000
2019-11-25  43.730000  42.404999  42.470001  43.549999  2654800.0  43.549999
2019-11-26  44.750000  43.630001  43.759998  44.490002  4413000.0  44.490002
2019-11-27  44.380001  43.630001  44.290001  44.099998  1293800.0  44.099998
2019-11-29  44.560001  43.450001  43.860001  44.520000  1332100.0  44.520000
2019-12-02  44.980000  43.945000  44.669998  44.439999  1796800.0  44.439999
2019-12-03  44.259998  43.799999  44.009998  44.090000  2069200.0  44.090000
2019-12-04  44.619999  44.090000  44.090000  44.200001  1405600.0  44.200001
2019-12-05  44.840000  44.075001  44.369999  44.730000  2153400.0  44.730000
2019-12-06  45.049999  44.540001  45.000000  44.790001  1583100.0  44.790001
2019-12-09  45.380001  44.494999  44.709999  45.279999  2339800.0  45.279999
2019-12-10  45.490002  44.985001  45.250000  45.160000  2866500.0  45.160000
2019-12-11  46.000000  45.259998  45.349998  45.970001  1527500.0  45.970001
2019-12-12  46.669998  45.450001  45.750000  46.480000  2039700.0  46.480000
2019-12-13  47.419998  46.549999  46.779999  47.279999  1713900.0  47.279999
2019-12-16  48.270000  47.415001  47.500000  47.939999  1949600.0  47.939999
2019-12-17  48.070000  47.509998  47.900002  47.750000  2603600.0  47.750000
2019-12-18  47.730000  47.130001  47.549999  47.520000  2183400.0  47.520000
2019-12-19  47.990002  47.430000  47.709999  47.959999  1565200.0  47.959999
2019-12-20  49.000000  48.099998  48.360001  48.660000  2503000.0  48.660000
2019-12-23  48.770000  48.150002  48.689999  48.320000  1173000.0  48.320000
2019-12-24  48.660000  48.009998  48.240002  48.380001   349000.0  48.380001
2019-12-26  48.669998  48.290001  48.639999  48.549999   462900.0  48.549999
2019-12-27  48.790001  48.459999  48.599998  48.660000  1198700.0  48.660000
2019-12-30  48.730000  48.049999  48.730000  48.130001  1790000.0  48.130001
2019-12-31  48.330002  47.814999  48.060001  48.009998   953100.0  48.009998
2020-01-02  49.145000  48.349998  48.349998  49.130001  1968100.0  49.130001
