>Symbol
YEXT
>Description
Yext Inc
>URL
https://ca.finance.yahoo.com/quote/YEXT/key-statistics?p=YEXT
>pandas_datareader | Last Year [<class 'pandas.core.frame.DataFrame'>]
                 High        Low       Open      Close   Volume  Adj Close
Date                                                                      
2019-01-02  15.160000  14.210000  14.510000  15.000000  1062700  15.000000
2019-01-03  14.800000  14.260000  14.680000  14.340000   642700  14.340000
2019-01-04  14.963000  14.443000  14.620000  14.800000   539400  14.800000
2019-01-07  15.540000  14.820000  14.860000  15.460000   694000  15.460000
2019-01-08  15.620000  15.200000  15.550000  15.430000   647700  15.430000
2019-01-09  15.570000  15.110000  15.510000  15.410000   502400  15.410000
2019-01-10  16.260000  15.430000  15.440000  16.059999   836900  16.059999
2019-01-11  16.010000  15.530000  15.990000  15.820000   459700  15.820000
2019-01-14  15.670000  15.250000  15.670000  15.290000   400600  15.290000
2019-01-15  15.390000  13.970000  14.520000  14.920000  1110100  14.920000
2019-01-16  15.040000  14.500000  14.880000  14.520000   760700  14.520000
2019-01-17  14.900000  14.330000  14.420000  14.500000   525600  14.500000
2019-01-18  14.840000  14.500000  14.570000  14.740000   609800  14.740000
2019-01-22  14.730000  13.957000  14.690000  14.280000   810400  14.280000
2019-01-23  14.480000  13.880000  14.350000  14.030000   498300  14.030000
2019-01-24  14.190000  13.770000  14.000000  14.050000   368300  14.050000
2019-01-25  14.930000  14.300000  14.550000  14.840000   539800  14.840000
2019-01-28  15.050000  14.505000  14.710000  14.960000   538400  14.960000
2019-01-29  15.020000  14.325000  14.960000  14.340000   472900  14.340000
2019-01-30  15.280000  14.500000  14.660000  15.260000   593900  15.260000
2019-01-31  15.970000  15.260000  15.260000  15.590000   613000  15.590000
2019-02-01  15.850000  15.410000  15.540000  15.840000   524100  15.840000
2019-02-04  16.809999  15.870000  15.890000  16.730000  1087800  16.730000
2019-02-05  17.350000  16.809999  16.879999  17.309999  1123300  17.309999
2019-02-06  17.410000  16.680000  17.309999  17.200001   845300  17.200001
2019-02-07  17.430000  16.780001  16.980000  17.410000  1107600  17.410000
2019-02-08  17.742001  17.232000  17.299999  17.660000   724300  17.660000
2019-02-11  18.530001  17.709999  17.790001  18.090000   832200  18.090000
2019-02-12  18.480000  18.000000  18.459999  18.250000   735500  18.250000
2019-02-13  18.485001  17.940001  18.350000  18.209999   357300  18.209999
2019-02-14  18.320000  18.040001  18.129999  18.100000   695200  18.100000
2019-02-15  18.200001  17.825001  18.190001  18.000000   556100  18.000000
2019-02-19  18.360001  17.920000  18.000000  18.250000   474900  18.250000
2019-02-20  19.260000  18.240000  18.240000  19.129999  1254500  19.129999
2019-02-21  19.219999  17.985001  19.139999  18.139999   889600  18.139999
2019-02-22  18.650000  18.219999  18.250000  18.510000   527100  18.510000
2019-02-25  18.790001  18.160000  18.660000  18.180000   570500  18.180000
2019-02-26  18.299999  17.680000  18.219999  17.870001  1277000  17.870001
2019-02-27  18.500000  17.660000  17.870001  18.500000   607400  18.500000
2019-02-28  18.680000  18.170000  18.360001  18.580000   821100  18.580000
2019-03-01  19.344999  18.610001  18.610001  19.270000  1352200  19.270000
2019-03-04  19.500000  18.360001  19.340000  18.820000  1372700  18.820000
2019-03-05  19.740000  18.825001  18.840000  19.680000  1386300  19.680000
2019-03-06  20.490000  19.610001  19.620001  20.370001  2877900  20.370001
2019-03-07  23.174000  20.000000  20.370001  22.430000  5366700  22.430000
2019-03-08  22.730000  21.660000  21.660000  22.480000  1726800  22.480000
2019-03-11  23.280001  22.650000  22.709999  23.059999  1216300  23.059999
2019-03-12  23.059999  21.787001  23.010000  22.120001  1596100  22.120001
2019-03-13  23.035000  22.120001  22.299999  22.459999  1179900  22.459999
2019-03-14  23.059999  22.280001  22.370001  22.790001  1459900  22.790001
2019-03-15  22.840000  22.350000  22.639999  22.660000  1569200  22.660000
2019-03-18  23.320000  22.240000  22.500000  23.000000  2408500  23.000000
2019-03-19  22.618999  21.850000  22.350000  22.040001  5275400  22.040001
2019-03-20  22.510000  21.910000  22.180000  22.129999  1515600  22.129999
2019-03-21  22.200001  21.620001  22.000000  22.120001  1674300  22.120001
2019-03-22  22.040001  20.370001  21.980000  20.879999  1648000  20.879999
2019-03-25  21.180000  20.559999  20.750000  21.139999   839800  21.139999
2019-03-26  21.760000  21.020000  21.240000  21.170000   911900  21.170000
2019-03-27  21.610001  20.520000  21.049999  21.170000  1075200  21.170000
2019-03-28  21.580000  21.059999  21.240000  21.440001   741500  21.440001
2019-03-29  21.879999  21.340000  21.639999  21.860001  1844900  21.860001
2019-04-01  22.320000  21.459999  22.080000  21.590000   904100  21.590000
2019-04-02  22.080000  21.240000  21.620001  22.010000  1055800  22.010000
2019-04-03  22.320000  21.879999  22.100000  21.980000   632700  21.980000
2019-04-04  22.184000  21.490000  21.980000  21.840000   572900  21.840000
2019-04-05  22.000000  21.450001  21.930000  21.719999   613100  21.719999
2019-04-08  21.764999  21.299999  21.540001  21.570000   495400  21.570000
2019-04-09  21.690001  21.379999  21.430000  21.500000   501100  21.500000
2019-04-10  22.059999  21.469999  21.469999  21.840000   667000  21.840000
2019-04-11  21.969999  21.320000  21.799999  21.639999   377800  21.639999
2019-04-12  21.889999  21.385000  21.760000  21.580000   466100  21.580000
2019-04-15  21.850000  21.020000  21.500000  21.350000   945600  21.350000
2019-04-16  21.730000  21.350000  21.400000  21.500000   684200  21.500000
2019-04-17  21.639999  21.049999  21.620001  21.100000   784900  21.100000
2019-04-18  21.049999  20.209999  21.000000  20.290001   961100  20.290001
2019-04-22  20.250000  19.799999  19.850000  20.120001   755500  20.120001
2019-04-23  20.660000  20.209999  20.250000  20.540001   545600  20.540001
2019-04-24  20.605000  19.990000  20.540001  20.400000   488100  20.400000
2019-04-25  20.730000  20.240000  20.370001  20.620001   548400  20.620001
2019-04-26  20.850000  20.520000  20.629999  20.719999   350100  20.719999
2019-04-29  21.683001  20.700001  20.700001  21.450001   787900  21.450001
2019-04-30  21.980000  21.459999  21.490000  21.910000   792900  21.910000
2019-05-01  22.079000  21.670000  22.020000  21.750000   746100  21.750000
2019-05-02  22.139999  21.420000  21.639999  21.629999   506600  21.629999
2019-05-03  22.129999  21.629999  21.780001  22.080000  1259400  22.080000
2019-05-06  22.600000  21.299999  21.520000  22.370001  1004700  22.370001
2019-05-07  22.471001  21.150000  22.420000  21.350000   495500  21.350000
2019-05-08  21.590000  20.930000  21.280001  20.959999   569500  20.959999
2019-05-09  20.760000  20.115999  20.750000  20.730000   532700  20.730000
2019-05-10  21.170000  20.375000  20.530001  21.030001   600800  21.030001
2019-05-13  20.820000  20.280001  20.510000  20.660000   901300  20.660000
2019-05-14  20.990000  20.497000  20.660000  20.799999   548600  20.799999
2019-05-15  21.410000  20.500000  20.620001  21.160000   343600  21.160000
2019-05-16  21.790001  21.160000  21.170000  21.450001   410700  21.450001
2019-05-17  21.660000  21.240000  21.260000  21.290001   538700  21.290001
2019-05-20  21.445000  20.559999  21.080000  21.200001   388000  21.200001
2019-05-21  21.730000  21.270000  21.530001  21.290001   452900  21.290001
2019-05-22  21.400000  20.995001  21.219999  21.190001   352800  21.190001
2019-05-23  20.985001  19.980000  20.900000  20.059999   479000  20.059999
2019-05-24  20.620001  20.100000  20.160000  20.320000   692000  20.320000
2019-05-28  20.600000  20.184999  20.350000  20.510000  1310100  20.510000
2019-05-29  20.520000  19.410000  20.400000  19.520000  1005900  19.520000
2019-05-30  19.740000  19.007000  19.590000  19.120001  1559300  19.120001
2019-05-31  19.100000  17.000000  19.059999  18.360001  2066800  18.360001
2019-06-03  18.950001  17.735001  18.360001  17.820000  1382900  17.820000
2019-06-04  18.520000  17.520000  17.969999  18.469999  1353800  18.469999
2019-06-05  18.709999  17.379999  18.530001  18.299999  1801300  18.299999
2019-06-06  18.400000  17.639999  18.150000  18.270000   755800  18.270000
2019-06-07  18.583000  18.150000  18.360001  18.440001   685600  18.440001
2019-06-10  19.209999  18.500000  18.660000  19.070000  1359600  19.070000
2019-06-11  19.874001  19.190001  19.230000  19.799999  1383700  19.799999
2019-06-12  20.230000  19.674000  19.750000  20.129999  1548900  20.129999
2019-06-13  20.549999  19.980000  20.150000  20.500000   826200  20.500000
2019-06-14  20.629999  20.309999  20.459999  20.450001   714600  20.450001
2019-06-17  20.871000  20.360001  20.459999  20.570000   675500  20.570000
2019-06-18  21.049999  20.315001  20.680000  20.379999   570400  20.379999
2019-06-19  20.639999  20.160000  20.490000  20.600000   677300  20.600000
2019-06-20  20.940001  20.309999  20.850000  20.360001   716800  20.360001
2019-06-21  20.389999  19.570000  20.150000  20.080000  2420500  20.080000
2019-06-24  20.320000  19.684999  20.100000  19.709999   769900  19.709999
2019-06-25  19.719999  19.190001  19.690001  19.350000   824300  19.350000
2019-06-26  19.750000  18.969999  19.370001  18.969999   506500  18.969999
2019-06-27  19.650000  18.950001  19.020000  19.620001   553400  19.620001
2019-06-28  20.150000  19.770000  19.770000  20.090000  2080200  20.090000
2019-07-01  20.799999  20.200001  20.299999  20.540001   748300  20.540001
2019-07-02  20.590000  20.230000  20.510000  20.360001   492900  20.360001
2019-07-03  20.629999  20.261999  20.469999  20.459999   359000  20.459999
2019-07-05  20.379999  19.870001  20.350000  20.190001   363800  20.190001
2019-07-08  20.370001  20.000000  20.150000  20.270000   411300  20.270000
2019-07-09  20.985001  20.100000  20.120001  20.940001   463200  20.940001
2019-07-10  21.139999  20.600000  20.990000  20.650000   515800  20.650000
2019-07-11  21.010000  20.260000  20.690001  20.670000   469200  20.670000
2019-07-12  20.730000  20.190001  20.660000  20.660000   326500  20.660000
2019-07-15  21.200001  20.670000  20.690001  21.080000   510700  21.080000
2019-07-16  21.200001  20.549999  21.020000  20.549999   498300  20.549999
2019-07-17  21.170000  20.549999  20.549999  21.020000   692400  21.020000
2019-07-18  21.430000  20.930000  20.980000  21.020000   761400  21.020000
2019-07-19  21.165001  20.580000  21.129999  20.590000   388100  20.590000
2019-07-22  20.799999  20.403000  20.750000  20.590000   542100  20.590000
2019-07-23  20.799999  20.230000  20.719999  20.510000   451200  20.510000
2019-07-24  21.070000  20.430000  20.490000  20.980000   446700  20.980000
2019-07-25  21.520000  20.750000  20.840000  21.350000   716200  21.350000
2019-07-26  22.600000  21.350000  21.480000  22.340000   964500  22.340000
2019-07-29  22.650000  20.889999  22.440001  21.059999   720700  21.059999
2019-07-30  21.389999  20.670000  20.809999  21.350000   599600  21.350000
2019-07-31  21.549999  20.700001  21.360001  20.809999   553400  20.809999
2019-08-01  21.340000  20.280001  20.799999  20.350000   519500  20.350000
2019-08-02  20.590000  19.580000  20.260000  20.530001   589200  20.530001
2019-08-05  20.020000  19.379999  20.020000  19.690001   861700  19.690001
2019-08-06  19.990000  19.280001  19.650000  19.510000   843400  19.510000
2019-08-07  19.850000  19.070000  19.250000  19.719999   517500  19.719999
2019-08-08  20.540001  19.850000  19.900000  20.510000   352600  20.510000
2019-08-09  21.000000  20.305000  20.480000  20.889999   379800  20.889999
2019-08-12  20.980000  20.100000  20.740000  20.120001   254900  20.120001
2019-08-13  20.690001  20.129999  20.129999  20.450001   464000  20.450001
2019-08-14  20.080000  19.180000  19.980000  19.230000   818200  19.230000
2019-08-15  19.420000  18.820000  19.309999  19.190001   552700  19.190001
2019-08-16  19.620001  19.230000  19.330000  19.370001   344400  19.370001
2019-08-19  19.711000  18.840000  19.709999  18.930000   643300  18.930000
2019-08-20  19.000000  18.430000  18.920000  18.490000   522200  18.490000
2019-08-21  18.980000  18.500000  18.730000  18.580000   474100  18.580000
2019-08-22  19.110001  18.330000  18.530001  19.040001   531500  19.040001
2019-08-23  19.540001  18.490000  18.990000  18.549999   666300  18.549999
2019-08-26  18.770000  18.020000  18.750000  18.180000   610100  18.180000
2019-08-27  18.510000  17.790001  18.379999  18.150000   686600  18.150000
2019-08-28  18.110001  17.410000  18.000000  17.660000   614600  17.660000
2019-08-29  18.440001  17.309999  17.959999  18.340000  1675200  18.340000
2019-08-30  16.940001  15.600000  16.740000  15.770000  4601500  15.770000
2019-09-03  16.500000  15.500000  15.610000  16.440001  2136800  16.440001
2019-09-04  16.940001  16.219999  16.600000  16.400000  1613200  16.400000
2019-09-05  17.250000  16.747999  16.969999  16.980000  1793100  16.980000
2019-09-06  17.129999  16.530001  16.980000  16.990000   946100  16.990000
2019-09-09  17.065001  16.040001  16.990000  16.160000  1347000  16.160000
2019-09-10  16.709999  16.000000  16.150000  16.610001  1213800  16.610001
2019-09-11  17.385000  16.500000  16.639999  17.309999   923400  17.309999
2019-09-12  17.950001  17.280001  17.340000  17.740000  1034300  17.740000
2019-09-13  17.850000  17.480000  17.770000  17.500000   705400  17.500000
2019-09-16  17.871000  17.230000  17.250000  17.719999   453600  17.719999
2019-09-17  17.940001  17.530001  17.660000  17.920000   403200  17.920000
2019-09-18  17.940001  17.350000  17.910000  17.530001   703400  17.530001
2019-09-19  17.980000  17.570000  17.670000  17.680000   648700  17.680000
2019-09-20  17.990000  17.530001  17.700001  17.799999  1036400  17.799999
2019-09-23  17.690001  16.760000  17.680000  16.980000  1010600  16.980000
2019-09-24  17.100000  16.420000  16.959999  16.570000   752500  16.570000
2019-09-25  16.730000  16.180000  16.570000  16.629999   649600  16.629999
2019-09-26  16.570000  16.190001  16.530001  16.309999   526600  16.309999
2019-09-27  16.490000  15.500000  16.370001  15.840000   924000  15.840000
2019-09-30  16.020000  15.630000  15.810000  15.890000   677700  15.890000
2019-10-01  16.170000  15.160000  15.980000  15.480000   692100  15.480000
2019-10-02  15.480000  14.955000  15.340000  15.280000   777800  15.280000
2019-10-03  15.700000  15.040000  15.290000  15.690000   643900  15.690000
2019-10-04  16.040001  15.529000  15.860000  15.850000   486600  15.850000
2019-10-07  16.120001  15.360000  15.740000  16.010000   532300  16.010000
2019-10-08  16.030001  15.230000  15.840000  15.260000   682500  15.260000
2019-10-09  15.700000  15.340000  15.440000  15.490000   499700  15.490000
2019-10-10  15.590000  14.810000  15.310000  14.950000   702700  14.950000
2019-10-11  15.620000  15.180000  15.180000  15.300000   483900  15.300000
2019-10-14  15.535000  15.060000  15.100000  15.500000   301600  15.500000
2019-10-15  15.640000  15.330000  15.570000  15.420000   399500  15.420000
2019-10-16  15.390000  14.610000  15.100000  15.340000   710500  15.340000
2019-10-17  15.480000  15.130000  15.380000  15.440000   672000  15.440000
2019-10-18  15.400000  14.390000  15.400000  14.400000   811000  14.400000
2019-10-21  14.610000  14.280000  14.550000  14.430000   441200  14.430000
2019-10-22  15.300000  14.520000  15.240000  14.570000   921400  14.570000
2019-10-23  14.940000  14.420000  14.570000  14.600000   535700  14.600000
2019-10-24  15.420000  14.730000  14.790000  15.340000   594700  15.340000
2019-10-25  15.970000  15.140000  15.230000  15.900000   848900  15.900000
2019-10-28  16.180000  15.870000  15.980000  16.100000   741400  16.100000
2019-10-29  16.160000  15.720000  16.100000  16.030001   998700  16.030001
2019-10-30  16.330000  15.745000  16.080000  16.230000  1188700  16.230000
2019-10-31  16.900000  16.295000  16.870001  16.459999  1695200  16.459999
2019-11-01  16.780001  16.120001  16.590000  16.330000   706900  16.330000
2019-11-04  16.920000  16.170000  16.510000  16.250000   455200  16.250000
2019-11-05  16.584999  16.049999  16.330000  16.299999   529700  16.299999
2019-11-06  16.420000  15.760000  16.190001  15.820000   412200  15.820000
2019-11-07  15.949000  15.705000  15.850000  15.910000   732600  15.910000
2019-11-08  16.270000  15.750000  15.890000  16.100000   659400  16.100000
2019-11-11  16.280001  15.850000  16.070000  16.219999   433700  16.219999
2019-11-12  16.625999  16.190001  16.219999  16.490000   744800  16.490000
2019-11-13  16.590000  16.250000  16.469999  16.469999   430700  16.469999
2019-11-14  16.450001  16.135000  16.450001  16.209999   234400  16.209999
2019-11-15  16.700001  16.230000  16.240000  16.680000   386500  16.680000
2019-11-18  16.690001  16.420000  16.690001  16.650000   578400  16.650000
2019-11-19  16.834999  16.309999  16.750000  16.360001   582200  16.360001
2019-11-20  16.565001  16.160000  16.190001  16.270000   778900  16.270000
2019-11-21  16.570000  16.030001  16.370001  16.350000   626400  16.350000
2019-11-22  16.832001  16.420000  16.469999  16.580000   448900  16.580000
2019-11-25  17.170000  16.610001  16.650000  17.150000   757400  17.150000
2019-11-26  17.799999  17.010000  17.270000  17.250000   898900  17.250000
2019-11-27  17.650000  17.010000  17.250000  17.620001  1022900  17.620001
2019-11-29  17.700001  17.230000  17.600000  17.260000   410200  17.260000
2019-12-02  17.500000  16.520000  17.340000  16.590000   739000  16.590000
2019-12-03  16.500000  15.750000  16.250000  16.469999   847000  16.469999
2019-12-04  16.670000  16.450001  16.500000  16.540001   713300  16.540001
2019-12-05  16.830000  16.370001  16.700001  16.600000  1957600  16.600000
2019-12-06  14.390000  12.830000  12.890000  14.260000  8920300  14.260000
2019-12-09  14.790000  13.820000  14.150000  14.380000  2472200  14.380000
2019-12-10  14.380000  13.690000  14.370000  13.710000  2056700  13.710000
2019-12-11  14.080000  13.410000  13.610000  14.000000  1472800  14.000000
2019-12-12  14.555000  13.920000  14.050000  14.010000  1187300  14.010000
2019-12-13  14.530000  13.920000  13.960000  14.280000  1134800  14.280000
2019-12-16  14.480000  13.990000  14.350000  14.030000  1095400  14.030000
2019-12-17  14.120000  13.770000  14.060000  14.020000   928600  14.020000
2019-12-18  14.100000  13.820000  14.030000  13.850000   998000  13.850000
2019-12-19  14.010000  13.760000  13.830000  14.010000  1017200  14.010000
2019-12-20  14.330000  13.550000  14.190000  14.100000  4704400  14.100000
2019-12-23  14.605000  13.960000  14.110000  14.490000  1559400  14.490000
2019-12-24  14.540000  14.160000  14.530000  14.390000   334900  14.390000
2019-12-26  14.690000  14.318000  14.420000  14.510000   468300  14.510000
2019-12-27  14.750000  14.430000  14.540000  14.610000   634000  14.610000
2019-12-30  14.710000  14.200000  14.610000  14.250000   992200  14.250000
2019-12-31  14.450000  14.110000  14.150000  14.420000  1054100  14.420000
2020-01-02  15.150000  14.510000  14.650000  14.640000  1277100  14.640000
