>Symbol
YPF
>Description
Ypf Sociedad Anonima
>URL
https://ca.finance.yahoo.com/quote/YPF/key-statistics?p=YPF
>pandas_datareader | Last Year [<class 'pandas.core.frame.DataFrame'>]
                 High        Low       Open      Close      Volume  Adj Close
Date                                                                         
2019-01-02  13.860000  13.120000  13.300000  13.720000    904300.0  13.615568
2019-01-03  14.000000  13.630000  13.900000  13.760000   1238400.0  13.655263
2019-01-04  14.680000  13.920000  14.000000  14.430000   1739000.0  14.320164
2019-01-07  14.750000  14.410000  14.530000  14.530000   2120500.0  14.419402
2019-01-08  14.690000  14.160000  14.630000  14.230000   2135400.0  14.121685
2019-01-09  14.830000  14.300000  14.490000  14.420000   3158000.0  14.310240
2019-01-10  14.540000  14.170000  14.340000  14.460000   4449000.0  14.349935
2019-01-11  14.910000  14.190000  14.270000  14.680000   3354500.0  14.568260
2019-01-14  14.830000  14.320000  14.530000  14.610000    946500.0  14.498793
2019-01-15  14.760000  14.290000  14.710000  14.510000   1016900.0  14.399554
2019-01-16  14.950000  14.340000  14.530000  14.700000   2919900.0  14.588108
2019-01-17  14.990000  14.420000  14.580000  14.960000   1548400.0  14.846129
2019-01-18  15.520000  14.830000  15.030000  15.400000   2838900.0  15.282780
2019-01-22  15.470000  14.920000  15.150000  15.410000   2151100.0  15.292704
2019-01-23  15.450000  14.870000  15.450000  15.260000    740800.0  15.143846
2019-01-24  15.830000  15.300000  15.300000  15.660000   1974300.0  15.540801
2019-01-25  15.900000  15.520000  15.800000  15.630000    538900.0  15.511029
2019-01-28  15.460000  15.080000  15.330000  15.360000    776600.0  15.243084
2019-01-29  15.880000  15.500000  15.530000  15.670000   1128800.0  15.550725
2019-01-30  16.059999  15.630000  15.840000  15.900000    921300.0  15.778974
2019-01-31  16.360001  15.780000  15.990000  16.350000   1371600.0  16.225550
2019-02-01  16.600000  16.209999  16.330000  16.500000    875600.0  16.374407
2019-02-04  16.700001  16.370001  16.450001  16.600000   1447300.0  16.473646
2019-02-05  16.660000  16.389999  16.600000  16.570000    788100.0  16.443874
2019-02-06  16.620001  16.059999  16.510000  16.110001    574400.0  15.987376
2019-02-07  16.030001  15.260000  16.030001  15.560000   1245800.0  15.441563
2019-02-08  15.650000  15.240000  15.520000  15.610000    832400.0  15.491181
2019-02-11  15.590000  15.220000  15.510000  15.430000    907400.0  15.312551
2019-02-12  15.980000  15.620000  15.740000  15.830000    812200.0  15.709507
2019-02-13  16.049999  15.490000  15.810000  15.680000   1266600.0  15.560649
2019-02-14  15.810000  15.440000  15.550000  15.730000    344400.0  15.610268
2019-02-15  15.910000  15.430000  15.880000  15.470000    798200.0  15.352247
2019-02-19  15.310000  14.740000  15.290000  14.990000   1367100.0  14.875900
2019-02-20  15.180000  14.620000  14.800000  14.650000    897000.0  14.538488
2019-02-21  15.000000  14.530000  15.000000  14.580000    669200.0  14.469022
2019-02-22  15.080000  14.680000  14.680000  14.940000    815100.0  14.826281
2019-02-25  15.110000  14.600000  15.040000  14.610000    576500.0  14.498793
2019-02-26  14.690000  14.320000  14.590000  14.470000    546600.0  14.359859
2019-02-27  14.650000  14.300000  14.520000  14.500000    758200.0  14.389630
2019-02-28  14.850000  13.920000  14.440000  14.140000   1251900.0  14.032371
2019-03-01  14.290000  13.610000  14.130000  13.740000   1572200.0  13.635415
2019-03-04  13.950000  13.260000  13.760000  13.310000   1773800.0  13.208689
2019-03-05  13.640000  12.870000  13.340000  13.010000   1899500.0  12.910972
2019-03-06  13.140000  12.280000  13.010000  12.650000   3778600.0  12.553712
2019-03-07  12.890000  12.050000  12.650000  12.740000   3559400.0  12.643026
2019-03-08  13.070000  12.620000  13.060000  12.840000   2438700.0  12.742266
2019-03-11  13.650000  12.960000  13.340000  13.630000   2222400.0  13.526253
2019-03-12  13.900000  13.650000  13.750000  13.780000   2046500.0  13.675111
2019-03-13  14.070000  13.790000  13.790000  14.010000   1567300.0  13.903360
2019-03-14  14.140000  13.890000  13.970000  14.000000   1142400.0  13.893436
2019-03-15  14.490000  14.020000  14.050000  14.330000   2082900.0  14.220924
2019-03-18  14.950000  14.360000  14.480000  14.690000   1437800.0  14.578184
2019-03-19  14.800000  14.220000  14.710000  14.310000   1375100.0  14.201077
2019-03-20  14.630000  14.200000  14.280000  14.470000   1444300.0  14.359859
2019-03-21  14.540000  14.210000  14.440000  14.410000   1245500.0  14.300315
2019-03-22  14.150000  13.710000  14.120000  13.760000   2056200.0  13.655263
2019-03-25  13.910000  13.630000  13.710000  13.840000   1479600.0  13.734654
2019-03-26  14.260000  13.530000  13.960000  13.760000   1788000.0  13.655263
2019-03-27  13.750000  13.240000  13.570000  13.380000   1636900.0  13.278155
2019-03-28  13.720000  13.290000  13.300000  13.690000    719500.0  13.585795
2019-03-29  14.040000  13.850000  13.850000  14.010000   2711100.0  13.903360
2019-04-01  14.480000  14.050000  14.220000  14.450000   1158300.0  14.340011
2019-04-02  14.480000  14.260000  14.470000  14.320000    532300.0  14.211000
2019-04-03  14.660000  14.350000  14.500000  14.430000   1261200.0  14.320164
2019-04-04  14.520000  14.370000  14.430000  14.480000   1715900.0  14.369782
2019-04-05  14.650000  14.450000  14.520000  14.570000   1454800.0  14.459097
2019-04-08  15.080000  14.580000  14.580000  15.070000   1746200.0  14.955292
2019-04-09  15.090000  14.580000  15.010000  14.730000   1684800.0  14.617879
2019-04-10  15.140000  14.820000  14.820000  14.990000   1474100.0  14.875900
2019-04-11  14.990000  14.550000  14.960000  14.790000   1248800.0  14.677423
2019-04-12  15.000000  14.620000  14.710000  14.740000    819800.0  14.627804
2019-04-15  15.000000  14.690000  14.820000  14.940000   1197200.0  14.826281
2019-04-16  15.030000  14.810000  14.950000  14.910000    722600.0  14.796510
2019-04-17  15.100000  14.840000  15.000000  14.840000   2339900.0  14.727042
2019-04-18  14.970000  14.380000  14.890000  14.390000    919800.0  14.280468
2019-04-22  14.640000  14.320000  14.480000  14.410000    839200.0  14.300315
2019-04-23  14.950000  14.460000  14.510000  14.880000   1419000.0  14.766738
2019-04-24  14.870000  13.990000  14.870000  14.030000   2892700.0  13.923207
2019-04-25  13.770000  12.680000  13.730000  13.700000   3561100.0  13.595719
2019-04-26  13.720000  13.130000  13.650000  13.140000   1917900.0  13.039983
2019-04-29  13.330000  13.020000  13.250000  13.220000   1224000.0  13.119373
2019-04-30  13.640000  13.250000  13.250000  13.530000    947900.0  13.427013
2019-05-01  13.560000  13.180000  13.520000  13.440000   1036700.0  13.337698
2019-05-02  13.660000  13.320000  13.400000  13.620000   1052600.0  13.516329
2019-05-03  14.450000  13.710000  13.850000  14.420000   2058900.0  14.310240
2019-05-06  14.810000  14.000000  14.130000  14.690000   2981600.0  14.578184
2019-05-07  14.740000  14.360000  14.500000  14.660000   2253900.0  14.548412
2019-05-08  15.090000  14.720000  14.790000  14.940000   1598500.0  14.826281
2019-05-09  15.240000  14.650000  14.680000  15.000000   2282500.0  14.885824
2019-05-10  15.060000  14.520000  15.000000  14.630000   1283000.0  14.518641
2019-05-13  14.600000  14.040000  14.380000  14.040000   1282700.0  13.933132
2019-05-14  14.660000  14.060000  14.150000  14.550000   1568200.0  14.439250
2019-05-15  15.220000  14.320000  14.320000  15.140000   1710300.0  15.024759
2019-05-16  15.660000  15.010000  15.020000  15.510000   1708500.0  15.391943
2019-05-17  15.860000  15.050000  15.350000  15.370000   2096300.0  15.253008
2019-05-20  15.600000  15.200000  15.350000  15.350000   1974500.0  15.233161
2019-05-21  15.510000  15.180000  15.490000  15.270000   1951900.0  15.153769
2019-05-22  15.420000  14.950000  15.300000  15.310000   1758900.0  15.193465
2019-05-23  15.020000  14.610000  14.990000  14.890000   2253300.0  14.776662
2019-05-24  15.410000  14.840000  15.170000  15.410000   2663800.0  15.292704
2019-05-28  16.010000  15.360000  15.420000  15.710000  26814300.0  15.590421
2019-05-29  15.490000  14.820000  15.490000  14.940000   4279300.0  14.826281
2019-05-30  15.300000  14.840000  15.020000  14.870000   1455900.0  14.756814
2019-05-31  14.860000  14.610000  14.760000  14.830000   1144400.0  14.717118
2019-06-03  15.240000  14.550000  14.940000  14.970000   1471900.0  14.856053
2019-06-04  15.220000  14.710000  15.050000  15.130000   2318800.0  15.014835
2019-06-05  15.280000  14.890000  15.030000  15.060000    947700.0  14.945369
2019-06-06  15.400000  14.880000  15.200000  15.230000    868200.0  15.114074
2019-06-07  15.690000  15.190000  15.330000  15.640000   1189200.0  15.520953
2019-06-10  16.190001  15.660000  15.720000  16.129999   2195600.0  16.007223
2019-06-11  16.920000  15.970000  16.230000  16.750000   2709300.0  16.622503
2019-06-12  17.690001  16.650000  16.940001  17.219999   5232400.0  17.088926
2019-06-13  17.490000  16.219999  17.379999  17.139999   2625300.0  17.009535
2019-06-14  17.469999  16.940001  17.150000  17.000000   1661100.0  16.870602
2019-06-17  17.510000  16.780001  16.889999  17.280001   1302300.0  17.148470
2019-06-18  17.820000  17.500000  17.549999  17.700001   2335000.0  17.565273
2019-06-19  17.830000  17.590000  17.780001  17.650000   1244600.0  17.515654
2019-06-20  18.250000  17.889999  17.889999  18.250000   1444100.0  18.111086
2019-06-21  18.340000  17.950001  18.139999  18.219999   2048400.0  18.081314
2019-06-24  18.270000  17.980000  18.190001  18.230000   1607300.0  18.091238
2019-06-25  18.389999  18.000000  18.200001  18.150000   1226800.0  18.011847
2019-06-26  18.590000  18.120001  18.200001  18.190001   1646800.0  18.051544
2019-06-27  18.510000  18.049999  18.170000  18.299999   1240600.0  18.160706
2019-06-28  18.549999  18.080000  18.330000  18.209999   1162600.0  18.071390
2019-07-01  18.730000  18.299999  18.530001  18.500000   1715900.0  18.359184
2019-07-02  18.540001  18.040001  18.500000  18.100000   1405700.0  17.962229
2019-07-03  18.270000  18.049999  18.170000  18.250000    632800.0  18.111086
2019-07-05  18.350000  18.040001  18.290001  18.150000    886400.0  18.011847
2019-07-08  18.160000  17.719999  18.100000  18.129999    857700.0  17.991999
2019-07-09  18.360001  17.860001  17.889999  18.160000    706500.0  18.160000
2019-07-10  18.530001  18.010000  18.240000  18.450001   1663500.0  18.450001
2019-07-11  18.600000  18.280001  18.389999  18.430000    699800.0  18.430000
2019-07-12  18.530001  18.350000  18.389999  18.440001    669900.0  18.440001
2019-07-15  18.510000  18.090000  18.459999  18.090000    815700.0  18.090000
2019-07-16  18.299999  17.900000  18.080000  18.120001   1363400.0  18.120001
2019-07-17  18.190001  17.920000  18.110001  17.959999    732600.0  17.959999
2019-07-18  18.110001  17.549999  17.940001  17.730000   1619900.0  17.730000
2019-07-19  17.879999  17.230000  17.730000  17.290001   1262100.0  17.290001
2019-07-22  17.420000  16.799999  17.389999  16.990000   1236700.0  16.990000
2019-07-23  17.120001  16.680000  17.120001  16.780001    923600.0  16.780001
2019-07-24  17.270000  16.670000  16.670000  16.870001   1199600.0  16.870001
2019-07-25  16.850000  16.430000  16.850000  16.639999    909300.0  16.639999
2019-07-26  16.870001  16.610001  16.680000  16.809999    734200.0  16.809999
2019-07-29  17.049999  16.480000  16.639999  16.940001   1018700.0  16.940001
2019-07-30  16.870001  16.650000  16.770000  16.700001    648800.0  16.700001
2019-07-31  16.879999  16.430000  16.700001  16.450001   1592300.0  16.450001
2019-08-01  16.719999  15.800000  16.260000  16.020000   1232100.0  16.020000
2019-08-02  16.260000  15.840000  16.260000  15.880000    780500.0  15.880000
2019-08-05  15.530000  15.010000  15.440000  15.480000   1483900.0  15.480000
2019-08-06  16.049999  15.560000  15.700000  15.650000   1160100.0  15.650000
2019-08-07  17.030001  15.170000  15.370000  15.850000   2182400.0  15.850000
2019-08-08  16.080000  15.460000  15.940000  15.630000   1600000.0  15.630000
2019-08-09  16.889999  15.560000  15.820000  16.680000   2262600.0  16.680000
2019-08-12  12.680000  10.260000  11.500000  11.300000  18700300.0  11.300000
2019-08-13  11.900000  11.250000  11.530000  11.350000   5482000.0  11.350000
2019-08-14  11.340000  10.350000  11.140000  10.360000   5048300.0  10.360000
2019-08-15  10.980000  10.410000  10.740000  10.520000   6481700.0  10.520000
2019-08-16  10.980000  10.410000  10.660000  10.560000   3402400.0  10.560000
2019-08-19  10.590000   9.680000  10.490000   9.780000   4062500.0   9.780000
2019-08-20  10.150000   9.630000  10.110000   9.650000   3330600.0   9.650000
2019-08-21  10.120000   9.640000   9.880000  10.000000   2253200.0  10.000000
2019-08-22  10.050000   9.720000  10.030000   9.750000   2445300.0   9.750000
2019-08-23   9.730000   9.350000   9.700000   9.620000   3123000.0   9.620000
2019-08-26   9.730000   9.270000   9.570000   9.420000   2190800.0   9.420000
2019-08-27   9.500000   8.870000   9.490000   8.920000   4545500.0   8.920000
2019-08-28   9.090000   8.780000   8.830000   8.780000  17360000.0   8.780000
2019-08-29   8.940000   8.180000   8.690000   8.900000   8406200.0   8.900000
2019-08-30   8.980000   8.550000   8.950000   8.560000   3277300.0   8.560000
2019-09-03   8.950000   8.040000   8.950000   8.130000   5758900.0   8.130000
2019-09-04   8.650000   8.080000   8.340000   8.470000  15252800.0   8.470000
2019-09-05   9.390000   8.670000   8.780000   9.250000  12101300.0   9.250000
2019-09-06  10.070000   9.220000   9.300000   9.260000  13678600.0   9.260000
2019-09-09   9.510000   8.880000   9.330000   8.910000  11774100.0   8.910000
2019-09-10   9.280000   8.910000   8.960000   8.960000   4025400.0   8.960000
2019-09-11   9.160000   8.660000   9.080000   8.850000   4077600.0   8.850000
2019-09-12   8.950000   8.660000   8.710000   8.690000   2254900.0   8.690000
2019-09-13   8.810000   8.540000   8.750000   8.620000   2333000.0   8.620000
2019-09-16   9.050000   8.760000   8.800000   8.970000   4024500.0   8.970000
2019-09-17   8.940000   8.510000   8.940000   8.720000   2229500.0   8.720000
2019-09-18   8.840000   8.560000   8.600000   8.800000   2846500.0   8.800000
2019-09-19   9.270000   8.770000   8.820000   9.230000   3119500.0   9.230000
2019-09-20   9.390000   9.090000   9.300000   9.180000   2652200.0   9.180000
2019-09-23   9.150000   8.900000   9.110000   8.990000    993700.0   8.990000
2019-09-24   9.040000   8.810000   8.860000   8.920000   1054700.0   8.920000
2019-09-25   9.150000   8.750000   8.800000   9.080000   1756500.0   9.080000
2019-09-26   9.230000   8.990000   9.120000   9.100000   1268300.0   9.100000
2019-09-27   9.600000   9.000000   9.000000   9.460000   2293900.0   9.460000
2019-09-30   9.540000   9.180000   9.480000   9.250000   1620300.0   9.250000
2019-10-01   9.430000   9.020000   9.290000   9.290000   1821800.0   9.290000
2019-10-02   9.540000   8.930000   9.300000   9.450000   1697000.0   9.450000
2019-10-03   9.660000   9.330000   9.550000   9.410000   1383000.0   9.410000
2019-10-04   9.680000   9.330000   9.400000   9.630000   1686600.0   9.630000
2019-10-07   9.800000   9.440000   9.590000   9.500000   1555800.0   9.500000
2019-10-08   9.470000   9.170000   9.420000   9.280000   1830800.0   9.280000
2019-10-09   9.430000   9.140000   9.430000   9.240000   1897500.0   9.240000
2019-10-10   9.650000   9.240000   9.240000   9.500000   1684200.0   9.500000
2019-10-11   9.740000   9.290000   9.620000   9.290000   2271200.0   9.290000
2019-10-14   9.310000   9.090000   9.230000   9.130000   1015300.0   9.130000
2019-10-15   9.410000   9.060000   9.150000   9.240000    688300.0   9.240000
2019-10-16   9.280000   9.070000   9.150000   9.100000    957800.0   9.100000
2019-10-17   9.300000   9.040000   9.100000   9.240000   1466000.0   9.240000
2019-10-18   9.310000   9.000000   9.250000   9.120000   1816500.0   9.120000
2019-10-21   9.290000   9.110000   9.140000   9.250000   1063400.0   9.250000
2019-10-22   9.440000   9.050000   9.260000   9.070000   1582000.0   9.070000
2019-10-23   9.190000   8.770000   9.050000   9.150000   2899000.0   9.150000
2019-10-24   9.360000   8.940000   9.150000   9.310000   1744700.0   9.310000
2019-10-25   9.560000   9.330000   9.380000   9.470000   2892400.0   9.470000
2019-10-28   9.560000   8.920000   9.420000   9.020000   2617700.0   9.020000
2019-10-29   9.540000   8.800000   8.930000   9.410000   1955800.0   9.410000
2019-10-30   9.530000   9.250000   9.360000   9.480000   1649900.0   9.480000
2019-10-31   9.480000   9.280000   9.430000   9.360000   1936700.0   9.360000
2019-11-01   9.490000   9.340000   9.440000   9.480000   2860600.0   9.480000
2019-11-04  10.020000   9.520000   9.550000   9.750000   3924400.0   9.750000
2019-11-05   9.910000   9.710000   9.840000   9.840000   1805500.0   9.840000
2019-11-06   9.680000   9.220000   9.670000   9.340000   2534800.0   9.340000
2019-11-07   9.910000   9.290000   9.780000   9.500000   2362100.0   9.500000
2019-11-08   9.610000   9.290000   9.540000   9.420000   1392600.0   9.420000
2019-11-11   9.360000   9.080000   9.320000   9.320000    815800.0   9.320000
2019-11-12   9.360000   9.040000   9.310000   9.100000   1785500.0   9.100000
2019-11-13   9.140000   8.860000   9.140000   8.960000   1571300.0   8.960000
2019-11-14   9.200000   8.980000   9.040000   9.000000   1646200.0   9.000000
2019-11-15   9.320000   9.040000   9.040000   9.240000   1021600.0   9.240000
2019-11-18   9.260000   8.870000   9.220000   8.910000   1592200.0   8.910000
2019-11-19   9.080000   8.580000   8.990000   8.980000   1682800.0   8.980000
2019-11-20   9.390000   9.030000   9.050000   9.200000   1516100.0   9.200000
2019-11-21   9.270000   9.060000   9.250000   9.190000    812700.0   9.190000
2019-11-22   9.550000   9.230000   9.270000   9.440000   1560400.0   9.440000
2019-11-25   9.780000   9.370000   9.390000   9.520000   1721400.0   9.520000
2019-11-26   9.490000   9.200000   9.480000   9.410000   2401300.0   9.410000
2019-11-27   9.780000   9.310000   9.400000   9.680000   1478300.0   9.680000
2019-11-29   9.680000   9.500000   9.680000   9.610000    595700.0   9.610000
2019-12-02   9.690000   9.260000   9.650000   9.340000   1397200.0   9.340000
2019-12-03   9.290000   8.970000   9.290000   9.090000   2104300.0   9.090000
2019-12-04   9.470000   9.160000   9.230000   9.450000   1471000.0   9.450000
2019-12-05   9.550000   9.230000   9.470000   9.330000    999400.0   9.330000
2019-12-06   9.740000   9.350000   9.350000   9.660000   2542900.0   9.660000
2019-12-09  10.300000   9.740000   9.800000  10.160000   3895500.0  10.160000
2019-12-10  10.310000   9.710000  10.050000   9.850000   2424600.0   9.850000
2019-12-11  10.170000   9.740000  10.000000   9.770000   1364700.0   9.770000
2019-12-12  10.410000   9.810000   9.830000  10.190000   2065300.0  10.190000
2019-12-13  10.630000  10.240000  10.270000  10.370000   2964800.0  10.370000
2019-12-16  10.630000  10.220000  10.380000  10.270000   1721000.0  10.270000
2019-12-17  10.300000   9.950000  10.030000  10.290000   2127800.0  10.290000
2019-12-18  10.880000  10.300000  10.360000  10.700000   3844200.0  10.700000
2019-12-19  11.150000  10.580000  10.750000  10.660000   3733000.0  10.660000
2019-12-20  11.250000  10.650000  10.700000  11.010000   4402900.0  11.010000
2019-12-23  11.610000  11.170000  11.250000  11.320000   4483000.0  11.320000
2019-12-24  12.140000  11.370000  11.370000  11.610000   2428100.0  11.610000
2019-12-26  12.020000  11.690000  11.690000  11.850000   4594200.0  11.850000
2019-12-27  12.120000  11.750000  11.970000  11.820000   3983600.0  11.820000
2019-12-30  11.910000  11.340000  11.820000  11.560000   2407400.0  11.560000
2019-12-31  11.680000  11.160000  11.460000  11.580000   1142800.0  11.580000
2020-01-02  11.530000  11.110000  11.510000  11.260000   2877600.0  11.260000
